13 09 12 22 23 24
01 23 12 22 11 05
10 11 19 20 03 18
17 16 22 21 07 02
01 09 11 21 03 13
02 18 15 19 07 20
17 12 11 06 24 14
20 04 02 07 18 16
20 11 04 08 14 17
20 01 18 11 25 23
13 20 22 11 21 15
15 09 17 05 03 10
17 11 01 10 05 16
14 09 16 15 04 19
03 12 23 24 21 18
11 23 13 06 05 14
20 19 05 10 21 09
11 05 04 24 03 20
06 07 23 17 19 01
03 24 21 12 17 07
11 21 24 04 13 25
11 04 15 21 19 05
24 09 25 03 05 20
13 22 17 10 19 07
07 13 22 08 04 02
18 24 07 11 09 13
17 12 25 13 07 18
23 17 01 20 25 05
22 04 21 20 02 14
14 06 16 09 13 15
21 06 23 08 17 10
24 20 12 01 25 11
07 14 17 11 12 06
22 05 01 12 04 06
04 11 07 13 23 05
06 24 14 13 04 10
25 09 08 17 03 07
24 02 04 21 22 19
06 19 10 25 07 03
18 21 10 03 22 16
12 10 15 04 03 19
02 04 16 12 03 08
21 15 09 19 11 16
11 04 21 16 23 15
16 13 20 18 10 11
14 03 17 19 18 16
15 17 25 13 21 14
17 05 15 09 02 10
13 10 24 12 02 11
16 03 13 23 02 25
01 19 13 14 17 06
02 09 21 08 12 06
18 08 21 03 16 06
25 22 12 19 05 17
22 06 16 01 03 25
12 22 15 04 03 05
08 16 10 23 09 15
01 07 20 21 13 23
18 25 09 07 01 12
08 01 05 09 16 17
04 15 14 17 06 08
06 20 14 03 17 18
23 18 17 21 09 04
06 04 23 18 11 21
03 13 19 11 25 12
16 12 19 10 11 01
08 24 22 25 10 23
09 23 19 17 14 03
20 14 06 04 25 21
01 17 14 11 04 18
19 13 21 24 04 11
16 25 24 03 19 06
18 14 06 02 11 17
25 20 06 09 13 23
13 08 21 25 11 04
06 04 25 07 08 16
25 09 15 03 04 05
14 24 25 05 01 11
08 24 03 25 09 07
22 12 25 14 04 15
08 09 16 23 03 24
16 01 18 19 09 08
25 14 10 08 02 18
12 11 01 24 02 13
09 16 11 03 14 21
07 18 19 11 15 01
12 14 11 19 18 10
10 25 16 09 01 08
07 05 25 17 23 09
23 18 16 08 21 06
11 13 07 18 17 19
18 13 21 01 06 16
24 01 06 14 23 15
05 14 13 23 17 21
21 22 14 20 05 07
03 12 19 11 22 21
09 02 04 05 25 22
15 06 08 10 13 16
23 14 20 09 22 08
08 04 17 22 02 23
24 15 14 05 06 01
14 03 01 22 08 24
22 01 07 23 11 16
18 24 07 21 04 22
01 14 03 17 15 07
11 01 24 02 07 15
13 02 10 16 06 18
09 02 11 19 15 14
22 11 01 23 09 05
08 24 03 23 15 18
02 14 08 13 24 25
09 16 17 01 12 07
04 03 23 11 12 02
03 07 16 17 23 21
08 02 07 21 06 10
12 11 04 10 20 21
08 06 10 19 03 02
03 01 18 13 17 12
02 12 18 11 03 10
07 19 20 16 03 15
02 24 06 19 21 03
24 04 01 14 11 18
23 13 16 20 24 03
05 01 15 19 17 06
10 02 13 15 03 06
17 03 15 12 18 14
02 05 18 01 06 16
10 07 18 22 21 08
21 06 03 24 14 01
21 06 03 14 17 18
13 22 03 08 11 09
19 25 08 24 23 09
08 10 16 15 04 14
16 25 02 23 20 05
03 02 20 23 22 05
01 22 23 03 17 24
07 02 04 25 18 01
24 09 22 20 14 06
22 25 19 02 23 11
12 04 16 06 07 22
17 07 04 13 14 20
24 19 03 06 10 08
14 22 01 23 16 20
03 16 09 06 02 01
19 17 08 21 16 15
17 21 07 12 18 19
03 06 11 05 10 07
16 01 12 07 06 25
25 08 18 20 10 09
19 23 13 09 05 18
13 20 11 22 07 14
16 02 10 05 20 01
09 22 05 10 06 19
03 17 13 22 25 04
25 04 17 02 10 01
01 17 22 10 19 11
13 22 05 08 02 25
18 24 15 17 07 09
18 15 01 10 16 23
10 11 15 12 20 13
10 14 08 02 17 03
24 19 03 04 10 23
19 17 03 21 13 07
13 07 22 16 15 21
25 17 20 22 12 04
21 20 25 01 17 16
09 11 08 21 04 14
19 15 18 07 09 08
19 25 21 14 05 04
11 08 18 15 25 10
05 21 03 13 18 17
15 02 03 17 24 20
08 25 21 09 02 11
18 06 05 14 09 08
25 10 21 04 01 09
25 21 14 07 19 17
05 01 24 07 08 14
23 14 21 07 13 18
09 20 10 25 16 04
08 05 14 19 09 22
21 15 25 19 22 23
22 11 01 12 14 06
21 05 22 20 10 03
03 16 05 25 18 22
14 22 04 16 23 24
04 08 18 23 17 13
13 01 18 02 16 17
16 04 09 02 15 13
11 09 03 22 16 14
14 12 10 20 13 18
11 23 04 16 07 05
13 24 17 21 22 02
04 19 07 17 12 15
12 16 21 10 25 17
19 25 05 04 18 22
06 18 19 24 15 22
07 01 22 25 18 19
09 02 21 15 25 23
25 09 24 07 04 17
23 01 11 16 12 20
14 10 02 05 25 16
09 10 08 02 13 17
17 16 02 23 12 01
09 15 25 05 07 08
12 09 04 16 20 22
02 25 06 09 07 04
15 16 13 03 04 08
03 09 17 15 13 11
25 12 01 09 08 18
18 20 25 08 02 24
10 16 02 12 15 06
24 21 18 13 22 05
01 18 24 20 09 12
22 06 05 12 25 15
03 24 25 14 15 20
24 17 21 14 16 25
11 22 02 13 15 08
09 25 07 01 05 13
13 10 25 22 24 05
19 06 24 03 15 22
22 19 08 04 06 01
22 03 02 18 15 23
11 03 05 01 18 16
25 05 20 13 11 16
12 21 04 02 15 10
19 08 24 18 05 03
19 17 23 16 10 07
19 13 04 20 12 22
15 09 02 07 06 17
12 07 17 24 13 01
10 09 25 18 19 22
04 10 25 09 11 24
07 10 17 04 12 19
18 03 22 10 21 06
06 23 16 25 02 18
16 11 19 25 09 01
04 06 09 08 07 23
05 03 23 10 11 25
20 02 13 19 17 15
24 22 15 01 10 18
20 13 02 23 11 15
22 21 16 14 11 10
18 25 22 05 03 08
06 12 25 05 22 21
14 05 21 09 13 20
04 05 12 01 23 24
04 12 05 18 07 17
17 03 04 12 06 11
23 16 15 14 13 05
23 16 13 22 15 05
15 23 21 17 24 18
08 15 07 22 23 01
25 20 04 01 09 17
12 18 08 13 24 04
25 06 12 11 17 03
15 21 07 16 17 06
12 11 01 03 22 18
09 21 03 23 20 06
04 20 02 23 06 07
25 23 12 10 20 19
03 02 21 17 10 15
09 06 07 20 03 11
18 02 08 21 06 12
09 25 12 06 02 04
07 12 23 13 08 19
07 11 25 13 23 06
16 03 25 10 02 08
23 04 05 14 25 22
11 07 25 22 06 12
07 08 24 18 20 25
16 20 22 12 07 11
03 22 24 08 02 12
06 12 16 02 14 08
17 18 12 03 15 02
03 02 01 16 13 04
07 17 01 12 08 18
13 10 18 21 16 14
17 24 05 21 01 07
19 16 21 05 06 14
03 04 07 17 06 18
06 11 01 12 18 08
05 04 14 18 21 10
02 05 13 06 20 14
19 18 21 20 01 10
07 25 23 17 06 11
21 22 03 07 08 17
21 08 20 02 13 14
18 14 16 17 01 22
06 08 18 10 13 05
14 10 20 22 19 21
02 19 06 05 25 16
04 13 05 01 24 15
15 07 06 23 01 03
10 19 13 23 08 05
08 16 11 01 22 15
02 18 23 03 09 24
11 12 15 19 10 17
02 14 25 23 12 09
18 06 24 09 07 25
13 04 23 01 22 24
03 06 23 08 14 25
12 25 19 10 07 02
04 16 09 14 03 20
07 10 18 09 19 14
21 07 12 13 10 20
04 18 10 12 20 14
19 06 05 01 24 09
06 15 01 03 14 19
22 05 19 21 25 04
05 01 24 17 13 09
04 22 03 06 08 05
13 21 11 08 12 17
10 21 04 12 24 14
08 16 18 06 12 01
07 15 09 10 01 23
14 21 15 11 17 01
05 22 10 16 25 07
14 13 16 25 10 23
24 07 18 19 08 23
21 15 01 23 25 03
04 06 12 25 01 10
07 15 21 23 25 03
04 06 13 18 24 16
01 21 20 02 18 04
04 15 25 24 23 14
11 15 22 19 12 16
04 23 22 10 17 20
06 21 09 13 22 12
22 05 20 13 21 17
03 15 12 20 25 17
09 10 02 04 23 11
24 19 12 04 25 08
02 12 23 03 10 22
05 16 20 21 17 08
02 06 04 14 01 09
16 02 14 05 18 12
20 12 14 24 08 09
03 06 04 09 11 13
03 04 12 15 05 01
19 03 25 05 09 12
14 25 04 02 22 13
03 09 12 07 11 22
25 08 11 06 04 24
13 11 18 09 23 21
12 04 18 19 21 17
25 20 18 03 10 15
23 24 20 05 22 01
20 07 23 05 16 21
04 22 02 13 14 23
12 16 07 21 23 05
10 20 25 17 05 13
01 17 11 20 15 18
01 25 15 05 19 03
23 12 15 11 18 17
21 15 11 23 16 10
20 23 02 07 13 18
09 17 22 13 12 06
18 22 08 12 23 04
17 04 23 08 21 09
04 19 22 09 23 20
20 09 22 03 21 08
04 11 03 24 14 07
12 16 19 24 13 03
05 15 22 21 02 18
19 06 16 05 24 09
02 11 07 10 18 01
08 18 22 07 09 24
14 22 16 10 20 13
14 24 06 10 15 07
09 02 22 10 25 04
01 10 21 07 15 06
09 07 03 05 12 06
20 01 18 12 07 17
24 12 03 09 15 02
02 06 07 10 05 11
10 25 20 01 15 16
13 19 05 09 16 06
16 14 01 08 24 25
09 21 24 04 19 05
18 09 03 15 05 12
04 09 23 08 17 05
18 05 15 02 07 11
07 24 04 14 15 20
08 07 20 23 17 13
25 18 14 02 22 08
07 17 08 15 25 18
19 16 25 11 10 09
03 25 16 09 01 11
11 24 14 13 22 06
05 20 06 03 04 19
07 19 22 17 04 15
20 03 10 25 23 02
17 22 19 12 11 01
09 17 21 25 18 22
14 17 22 03 20 05
06 05 10 19 04 24
13 21 23 22 09 19
09 07 19 03 02 20
03 24 15 20 19 12
18 07 08 04 02 25
25 06 14 05 08 23
15 24 03 05 18 14
18 12 02 21 15 16
22 07 16 10 18 13
09 23 17 10 24 19
09 21 05 18 02 10
08 01 14 13 07 22
02 10 09 05 06 15
08 02 19 15 16 11
17 05 13 12 07 25
10 02 18 21 05 07
01 13 04 12 05 19
06 09 23 24 01 17
21 08 06 03 22 11
06 14 10 01 19 02
06 17 08 05 22 20
15 03 01 25 17 20
06 12 08 11 03 15
23 05 12 02 15 16
02 09 03 24 11 10
05 13 18 16 04 01
09 01 08 17 11 03
15 17 05 20 07 19
04 09 20 14 18 11
09 11 05 16 02 17
21 07 20 24 01 14
22 15 17 04 16 09
15 22 16 09 21 03
03 04 11 06 25 13
23 01 20 05 09 22
18 02 20 19 06 08
21 10 06 09 18 05
22 23 04 20 07 09
18 01 23 25 22 15
03 01 04 09 18 22
02 09 10 11 12 16
04 16 07 01 15 17
04 20 12 21 25 09
19 04 18 17 08 21
08 12 13 17 18 25
04 07 13 20 22 01
03 21 01 22 05 23
18 23 08 10 09 13
11 10 04 16 19 20
20 08 14 12 24 16
13 12 03 11 02 25
11 14 07 06 25 10
06 21 07 04 15 12
03 17 10 05 07 20
10 17 01 16 07 25
12 17 13 09 21 08
01 23 18 14 16 05
05 21 04 09 22 15
06 16 12 18 02 10
14 12 16 23 19 08
11 05 15 01 20 12
21 08 09 10 25 12
19 22 10 03 13 09
14 06 10 19 04 08
16 12 08 20 17 23
02 16 19 04 24 03
23 05 02 18 11 24
03 21 16 15 12 07
04 17 01 10 02 14
05 04 16 12 11 18
04 01 15 24 16 21
09 08 23 11 03 22
05 19 09 20 01 14
02 12 16 19 21 01
25 18 22 15 10 21
12 17 07 01 09 24
07 23 24 03 17 08
08 07 09 24 25 01
21 08 06 02 22 07
12 06 04 24 15 22
12 10 16 19 25 18
08 22 18 24 17 02
24 01 16 03 10 14
24 07 11 10 21 25
01 08 19 16 14 09
02 03 24 06 21 25
19 15 09 13 10 16
09 05 19 14 11 02
07 25 14 01 08 23
21 22 24 09 05 16
13 05 19 16 23 14
18 07 06 05 12 04
24 01 07 11 05 16
21 09 16 23 02 10
17 02 16 15 14 08
03 24 17 21 16 14
15 06 10 22 12 18
24 15 14 01 08 03
16 10 04 17 18 23
17 23 13 09 19 11
03 24 18 14 02 05
19 20 13 12 05 08
04 06 23 19 11 14
20 05 10 11 18 22
07 19 06 21 17 05
21 07 16 15 04 05
16 20 05 23 09 08
09 16 22 25 06 07
18 03 17 02 20 21
16 23 22 03 04 21
12 07 02 11 17 23
12 03 06 19 11 24
02 24 21 23 15 06
21 01 14 20 10 23
03 13 12 05 08 25
02 09 25 05 21 10
13 24 09 19 23 18
01 06 05 12 10 20
01 10 22 12 11 23
23 08 14 13 01 10
25 02 11 24 20 15
23 21 02 12 10 08
24 12 20 04 23 11
04 03 13 14 12 09
13 08 19 14 23 25
14 10 07 13 17 20
17 05 07 23 20 06
05 19 16 11 20 08
02 09 19 16 18 13
18 23 17 11 12 24
17 24 09 02 01 10
06 05 04 03 16 08
22 10 18 06 15 21
08 23 14 19 06 11
17 21 07 06 15 09
16 17 19 24 10 06
03 08 04 12 22 25
03 24 06 11 21 09
24 02 12 01 06 10
13 20 15 10 14 23
05 01 08 17 02 15
13 20 17 22 10 09
13 10 12 19 16 09
15 04 24 08 02 11
09 08 07 15 16 10
13 20 17 04 21 12
13 15 21 07 04 25
22 06 16 19 01 07
04 17 07 19 14 25
09 15 17 21 05 07
14 10 15 02 05 19
14 05 16 10 22 21
06 13 01 03 19 24
17 07 05 15 14 24
19 16 12 21 01 22
07 22 11 16 10 24
23 03 05 10 02 16
19 07 18 23 16 12
15 11 13 03 06 23
13 05 02 04 03 25
20 16 10 09 03 12
20 06 01 15 12 05
13 17 11 20 06 01
23 13 09 12 19 07
21 10 19 20 05 16
04 18 12 19 20 24
07 24 03 19 06 25
19 17 21 03 10 05
25 23 17 22 16 02
13 06 18 01 16 25
22 05 24 01 20 14
13 03 16 23 02 24
08 21 25 16 22 20
15 03 09 19 13 25
02 12 10 19 18 13
05 08 13 15 22 21
06 19 05 24 10 20
05 01 08 09 04 06
10 19 18 24 15 01
06 16 18 05 11 24
02 10 23 03 09 19
14 10 07 08 21 06
13 05 06 21 09 04
15 02 19 14 22 01
09 21 11 20 22 24
08 16 15 13 25 11
24 04 23 18 25 01
19 22 17 02 07 20
03 06 02 20 21 17
23 14 18 19 17 05
06 21 07 13 02 01
04 23 19 10 08 01
02 01 24 23 11 06
15 18 14 10 12 08
02 12 21 05 08 18
25 08 14 15 10 18
04 11 23 08 12 24
16 20 22 18 15 23
10 05 06 12 16 02
22 13 06 15 20 23
21 13 10 15 08 02
04 02 08 09 01 24
07 16 04 15 03 06
17 05 06 19 01 24
13 18 11 21 05 14
20 17 05 25 09 24
06 15 14 10 21 08
05 23 08 01 22 16
05 06 25 20 04 19
20 05 21 10 24 01
03 17 01 24 21 19
18 21 07 13 19 24
14 10 06 12 20 05
11 01 21 06 25 07
17 15 14 18 21 24
19 08 25 02 10 20
05 19 15 10 03 25
01 09 04 21 07 15
05 12 18 23 20 07
17 12 19 25 08 23
02 08 18 19 04 22
19 14 24 18 02 23
25 19 23 15 24 20
22 25 01 19 12 03
22 20 24 11 07 01
15 23 20 04 06 11
14 10 02 25 13 15
11 14 25 03 24 15
02 18 24 09 19 17
15 11 23 13 14 16
16 11 19 05 02 18
14 01 13 23 16 07
18 07 11 03 22 08
12 14 16 03 13 20
16 01 04 09 14 24
17 22 16 01 23 09
03 13 08 18 22 07
08 01 19 21 14 25
07 09 08 04 01 17
01 14 04 17 21 05
22 12 20 01 25 07
25 23 02 08 13 21
25 19 04 21 17 23
10 20 13 25 02 09
14 23 02 05 12 24
17 18 04 14 07 15
04 02 05 09 01 24
12 04 23 20 22 13
02 22 23 09 03 06
19 04 08 11 06 25
21 15 08 04 20 18
22 01 25 11 06 03
01 09 08 15 10 13
10 21 25 02 06 01
22 15 08 14 04 09
15 21 13 08 04 11
15 22 08 14 06 05
15 07 10 16 20 05
19 06 14 16 25 09
05 17 04 09 15 19
02 05 25 06 11 13
04 01 14 18 17 13
06 09 10 05 17 25
08 21 09 02 04 03
13 23 25 22 11 07
17 07 01 22 13 20
03 09 02 21 15 05
16 06 18 24 13 17
14 20 15 13 19 17
23 17 09 20 19 04
04 15 09 18 03 13
17 06 25 13 16 15
06 05 15 02 20 13
21 22 02 13 08 14
19 17 21 08 24 01
10 17 23 20 25 13
17 15 01 19 16 23
07 16 11 17 05 22
15 11 09 10 21 22
01 21 19 10 11 23
23 25 13 12 17 01
17 05 18 06 04 21
08 24 25 03 07 20
09 08 18 17 02 23
11 17 07 12 16 23
24 07 16 19 17 02
16 13 02 21 20 15
09 20 10 23 18 25
14 19 05 07 24 10
09 11 12 20 10 08
17 03 22 24 10 08
14 23 01 07 09 06
24 23 22 19 21 05
18 05 09 21 12 01
21 08 24 20 19 06
16 25 20 17 13 09
20 13 25 04 05 22
21 04 15 22 05 08
11 18 24 08 09 17
13 02 17 01 07 04
21 13 24 04 06 20
04 06 19 13 20 22
05 16 06 14 08 07
24 07 15 25 13 18
18 24 23 19 06 02
12 18 19 20 24 22
13 08 23 25 17 03
01 11 05 15 23 25
23 12 07 05 18 01
20 23 09 01 08 07
03 14 07 06 05 16
23 15 07 22 16 20
23 11 04 17 21 25
15 21 03 13 08 22
18 08 24 25 06 04
24 10 17 13 19 18
23 16 18 01 17 10
22 16 23 02 17 14
21 20 05 09 11 22
24 13 03 25 04 05
03 09 05 01 25 17
22 18 01 21 16 04
07 14 18 05 10 15
23 06 05 20 21 11
02 19 09 01 22 08
15 20 06 24 09 08
06 21 16 01 07 12
15 16 01 22 24 12
04 08 23 07 16 11
12 16 13 15 01 14
24 14 12 23 10 11
11 04 14 01 05 24
17 19 04 03 22 25
22 04 21 08 05 15
06 25 17 04 19 02
19 06 03 13 04 14
23 05 13 04 17 19
13 05 22 04 17 01
04 08 03 13 22 11
22 02 18 03 13 14
20 13 15 16 03 07
08 06 05 09 16 02
23 13 08 25 18 02
21 25 10 02 13 18
15 22 16 17 09 08
17 23 16 06 02 04
09 03 25 20 19 16
17 18 15 01 06 03
06 23 17 04 12 19
05 18 17 25 15 24
09 24 17 06 07 11
09 06 17 13 11 10
02 06 01 23 21 07
18 14 07 20 09 06
12 13 11 04 01 24
20 10 01 12 24 15
24 03 12 22 18 02
17 22 05 10 12 07
22 23 01 04 07 25
03 24 20 11 04 02
09 01 13 17 21 25
20 17 18 04 12 01
23 06 17 16 05 02
22 07 05 08 09 02
20 04 02 13 09 12
15 03 09 05 20 17
14 09 05 16 13 01
18 22 02 17 24 01
16 17 10 07 09 14
14 20 12 19 16 07
13 04 11 16 25 14
09 03 24 01 11 04
19 20 08 14 07 09
09 22 04 12 19 06
12 02 13 05 14 24
22 04 20 07 19 18
04 17 01 12 19 22
03 10 05 14 20 22
10 20 02 17 09 11
24 15 20 14 02 05
18 10 13 04 09 01
04 11 22 19 07 25
04 17 14 25 24 23
11 20 01 17 19 18
14 09 15 22 18 11
01 20 16 15 23 13
05 06 20 25 12 01
13 15 04 17 19 24
21 02 06 19 09 10
14 19 04 07 25 01
13 19 22 24 09 21
06 12 24 19 13 17
23 09 05 20 06 25
07 10 02 12 04 11
21 08 23 15 22 10
08 18 03 16 23 15
23 08 02 15 16 12
06 08 15 20 10 12
06 10 13 25 04 14
10 15 03 08 24 09
05 21 23 20 14 04
17 21 24 04 01 09
23 12 22 25 11 08
04 18 22 13 08 07
14 10 16 12 23 04
24 15 08 18 09 22
03 19 07 05 10 16
20 04 24 23 01 14
09 15 23 06 16 21
21 04 12 09 07 14
11 12 18 13 15 25
23 21 25 07 20 22
22 18 16 06 20 23
08 13 21 10 25 03
10 22 19 17 21 08
15 03 18 24 10 01
16 15 17 25 01 04
16 19 05 14 17 20
20 15 17 25 23 01
16 23 11 01 18 03
07 10 17 01 21 15
02 22 24 10 01 13
20 04 15 23 09 24
16 19 04 07 18 08
03 23 18 05 01 19
13 14 23 03 19 15
07 21 17 11 14 04
19 13 09 18 25 23
14 17 06 08 13 23
11 17 25 01 07 09
15 17 05 19 18 14
18 09 11 25 07 01
13 05 20 14 08 18
15 08 10 07 06 20
12 25 02 21 01 09
12 20 04 18 24 19
04 18 07 03 12 05
11 10 14 24 06 20
18 04 07 23 05 22
17 24 03 04 08 22
10 21 09 01 11 14
11 13 09 10 25 06
25 07 14 22 04 01
23 20 11 03 14 08
15 20 05 07 08 10
07 06 24 14 19 21
08 23 15 12 25 20
20 09 15 25 22 04
06 04 08 10 16 22
04 08 20 05 07 10
23 13 12 18 10 15
18 10 12 08 22 24
21 02 24 23 15 01
17 21 10 09 08 12
15 13 23 07 04 19
02 22 18 10 25 14
16 03 15 21 14 11
01 10 06 17 08 14
01 02 13 04 14 11
06 05 10 16 02 07
20 22 05 25 17 16
17 06 09 18 07 02
06 16 25 19 10 18
25 16 05 24 01 13
13 20 03 11 05 08
13 14 24 23 17 06
13 21 01 08 23 15
15 25 02 05 24 22
08 02 19 16 04 05
09 19 18 13 04 20
14 20 06 03 01 23
22 23 03 17 01 08
08 02 23 22 13 05
24 10 13 17 22 02
20 03 25 16 18 08
24 10 23 21 17 19
02 20 18 04 13 12
19 03 09 18 06 23
21 11 25 17 15 20
08 24 17 07 20 14
12 21 20 09 14 10
25 10 07 04 24 17
07 01 22 15 03 10
10 15 19 03 23 24
12 07 09 25 04 18
08 02 24 04 18 06
11 16 04 05 10 08
16 21 03 09 19 02
25 11 18 15 02 01
07 24 06 04 21 03
05 25 01 11 03 17
08 04 02 14 03 11
08 01 14 11 18 21
05 19 25 16 22 01
23 19 03 13 09 15
19 21 25 16 23 08
13 12 06 20 16 07
17 21 19 11 16 15
18 09 06 03 07 25
12 10 11 08 09 20
17 06 21 16 10 12
05 08 23 02 12 13
17 22 25 18 06 10
10 09 24 03 14 23
10 14 09 13 18 01
01 10 20 04 19 23
24 09 20 15 22 05
09 06 24 01 23 25
18 17 21 13 14 24
18 11 19 23 06 10
08 11 06 01 21 15
09 16 25 04 24 17
02 08 19 05 12 20
24 13 06 02 08 16
03 01 07 04 16 09
19 23 14 01 20 03
04 17 18 22 14 16
07 05 19 13 17 09
17 24 07 18 23 22
23 02 11 25 21 01
24 02 15 05 22 19
08 10 07 03 15 21
10 02 01 05 09 11
25 21 17 08 01 12
17 09 11 24 12 04
05 19 22 02 09 13
09 04 05 18 20 14
01 08 20 25 04 11
18 01 24 19 04 13
01 12 05 22 18 15
24 06 23 16 19 07
02 20 22 09 12 18
14 11 09 05 06 15
16 07 22 13 17 12
16 23 06 21 02 15
16 07 18 08 15 20
02 17 24 08 12 23
07 21 24 22 05 20
13 21 05 15 01 02
04 07 25 10 06 08
23 14 07 22 12 05
14 18 02 15 23 22
24 22 03 17 10 20
07 17 14 21 12 08
20 12 17 02 04 23
09 13 03 06 01 14
03 01 15 21 25 10
24 11 18 15 22 20
05 11 07 24 06 25
19 01 02 09 20 06
18 20 03 19 21 05
22 24 14 09 02 10
19 14 09 07 13 02
17 20 10 03 02 23
24 08 06 05 07 12
19 12 04 10 02 22
18 01 06 11 19 05
08 21 22 12 01 09
17 07 13 08 20 15
03 04 05 06 10 14
03 06 24 12 21 22
19 07 24 05 10 21
20 07 19 21 01 13
03 07 02 05 25 20
14 12 05 07 15 24
13 21 23 24 01 19
24 12 02 13 17 20
15 21 03 17 06 23
23 06 19 10 11 13
17 10 04 09 24 12
25 10 18 23 07 19
12 21 13 01 25 17
08 11 06 21 15 12
08 11 23 12 18 02
25 20 15 18 21 03
25 10 03 13 15 02
11 10 25 20 04 07
03 22 10 09 13 06
05 16 03 09 20 24
01 17 07 19 25 04
15 02 25 22 13 11
02 05 21 07 17 19
13 03 12 22 21 01
23 24 22 09 03 15
09 14 22 11 06 01
14 08 17 21 02 15
08 24 25 17 14 04
11 24 17 16 21 07
12 07 20 21 14 06
01 13 02 16 23 04
08 06 24 20 09 12
20 05 01 02 15 17
17 08 14 07 19 15
09 21 05 16 01 12
04 07 11 14 24 12
02 12 21 15 17 08
21 24 13 12 22 03
14 03 21 09 24 20
24 19 17 12 13 06
20 05 23 14 25 21
04 01 17 19 16 06
12 10 01 17 21 14
07 06 22 02 03 19
04 03 21 05 17 13
12 13 18 25 24 15